2021-11-28 14:00:28	224	223	-2	-3	3	0	0	3	15	619	99	0	0	
2021-11-28 14:00:29	224	222	-2	-3	5	-1	0	3	15	619	99	0	0	
2021-11-28 14:00:30	224	224	-2	-3	4	0	0	3	15	619	99	0	0	
2021-11-28 14:00:31	225	224	-3	-4	4	-1	0	3	15	619	99	0	0	
2021-11-28 14:00:32	225	223	-2	-3	1	-1	0	3	15	619	99	0	0	
2021-11-28 14:00:33	225	224	-2	-4	1	0	0	3	15	619	99	0	0	
2021-11-28 14:00:34	225	226	-2	-3	0	0	0	3	15	619	99	0	0	
2021-11-28 14:00:35	225	224	-2	-2	3	-1	0	3	15	619	99	0	0	
2021-11-28 14:00:36	224	226	-2	-4	3	-1	0	3	15	619	99	0	0	
2021-11-28 14:00:37	224	223	-2	-3	4	0	0	3	15	619	99	0	0	
2021-11-28 14:00:38	225	222	-2	-3	3	-1	0	3	15	619	99	0	0	
2021-11-28 14:00:39	225	223	-2	-3	3	0	0	3	15	619	99	0	0	
2021-11-28 14:00:40	225	223	-2	-3	4	-1	0	3	15	619	99	0	0	
2021-11-28 14:00:41	225	225	-2	-3	5	0	0	3	15	619	99	0	0	
2021-11-29 17:50:01	225	223	-2	-2	2	0	0	3	15	619	99	0	0	
2021-11-29 17:50:02	225	222	-2	-3	2	-1	0	3	15	619	99	0	0	
2021-11-29 17:50:02	225	224	-2	-2	2	0	0	3	15	619	99	0	0	
2021-11-29 17:50:03	225	222	-3	-4	6	0	0	3	15	619	99	0	0	
2021-11-29 17:50:04	225	223	-2	-1	1	-1	0	3	15	619	99	0	0	
2021-11-29 17:50:05	225	224	-3	-3	3	-1	0	3	15	619	99	0	0	
2021-11-29 17:50:06	225	221	-2	-3	6	-1	0	3	15	619	99	0	0	
2021-11-29 17:50:07	225	222	-2	-2	5	0	0	3	15	619	99	0	0	
2021-11-29 17:50:08	225	224	-2	-4	3	0	0	3	15	619	99	0	0	
2021-11-29 17:50:09	225	223	-2	-3	3	0	0	3	15	619	99	0	0	
2021-11-29 17:50:10	225	223	-2	-3	4	-1	0	3	15	619	99	0	0	
2021-11-29 17:50:11	225	221	-2	-3	3	-1	0	3	15	619	99	0	0	
2021-11-29 17:50:12	225	224	-1	-2	2	0	0	3	15	619	99	0	0	
2021-11-29 17:50:13	225	225	-2	-3	3	-1	0	3	15	619	99	0	0	
2021-11-29 17:50:14	225	222	-2	-3	2	-1	0	3	15	619	99	0	0	
2021-11-29 17:50:15	225	224	-3	-3	4	0	0	3	15	619	99	0	0	
2021-11-29 17:50:16	225	224	-2	-2	3	0	0	3	15	619	99	0	0	
2021-11-29 17:50:17	225	224	-1	-4	6	0	0	3	15	619	99	0	0	
2021-11-29 17:50:18	225	223	-2	-3	3	0	0	3	15	619	99	0	0	
2021-11-29 17:50:19	225	226	-3	-2	4	0	0	3	15	619	99	0	0	
2021-11-29 17:50:20	225	224	-2	-3	3	-1	0	3	15	619	99	0	0	
2021-11-29 17:50:21	225	224	-2	-3	3	0	0	3	15	619	99	0	0	
2021-11-29 17:50:22	225	223	-2	-3	5	-1	0	3	15	619	99	0	0	
2021-11-29 17:50:23	225	223	-4	-3	3	-1	0	3	15	619	99	0	0	
2021-11-29 17:50:24	225	222	-1	-4	5	-1	0	3	15	619	99	0	0	
2021-11-29 17:50:25	225	224	-2	-3	3	0	0	3	15	619	99	0	0	
2021-11-29 17:50:26	225	220	-2	-3	3	0	0	3	15	619	99	0	0	
2021-11-29 17:50:27	225	224	-2	-3	3	-1	0	3	15	619	99	0	0	
2021-11-29 17:50:28	225	224	-2	-3	2	0	0	3	15	619	99	0	0	
2021-11-29 17:50:29	225	223	-2	-2	3	-1	0	3	15	619	99	0	0	
2021-11-29 17:50:30	225	224	-2	-3	2	0	0	3	15	619	99	0	0	
2021-11-29 17:50:31	225	226	-2	-3	2	-1	0	3	15	619	99	0	0	
2021-11-29 17:50:32	225	222	-1	-3	3	0	0	3	15	619	99	0	0	
2021-11-29 17:50:33	225	223	-2	-4	3	-1	0	3	15	619	99	0	0	
2021-11-29 17:50:34	225	223	-3	-3	2	0	0	3	15	619	99	0	0	
2021-11-29 17:50:35	224	224	-1	-4	3	-1	0	3	15	619	99	0	0	
2021-11-29 17:50:36	224	224	-2	-2	5	0	0	3	15	619	99	0	0	
2021-11-29 17:50:37	225	225	-3	-1	3	-1	0	3	15	619	99	0	0	
2021-11-29 17:50:38	225	224	-2	-5	3	0	0	3	0	619	99	0	0	
2021-11-29 17:50:39	225	222	-3	-3	3	0	0	3	0	619	99	0	0	
2021-11-29 17:50:40	225	223	-2	-4	3	0	0	3	0	619	99	0	0	
2021-11-29 17:50:41	225	220	-2	-3	2	0	0	3	0	619	99	0	0	
2021-11-29 17:50:42	225	224	-2	-3	3	0	0	3	0	619	99	0	0	
2021-11-29 17:50:43	225	221	-2	-3	3	-1	0	3	0	619	99	0	0	
2021-11-29 17:50:44	225	222	-2	-3	2	-1	0	3	0	619	99	0	0	
2021-11-29 17:50:45	225	221	-3	-3	3	0	0	3	0	619	99	0	0	
2021-11-29 17:50:46	224	221	-2	-3	3	-1	0	3	0	619	99	0	0	
2021-11-29 17:50:47	225	221	-3	-2	1	0	0	3	0	619	99	0	0	
2021-11-29 17:50:48	225	221	-2	-4	5	-1	0	3	0	619	99	0	0	
2021-11-29 17:50:49	225	223	-2	-3	3	-1	0	3	0	619	99	0	0	
2021-11-29 17:50:50	225	222	-1	-3	3	0	0	3	0	619	99	0	0	
2021-11-29 17:50:51	225	222	-2	-2	4	0	0	3	0	619	99	0	0	
2021-11-29 17:50:52	225	221	-2	-3	4	0	0	3	0	619	99	0	0	
2021-11-29 17:50:53	225	223	-2	-3	2	-1	0	3	0	619	99	0	0	
2021-11-29 17:50:54	225	225	-1	-3	3	-1	0	3	0	619	99	0	0	
2021-11-29 17:50:55	225	221	-2	-4	4	0	0	3	0	619	99	0	0	
2021-11-29 17:50:56	225	223	-2	-2	3	0	0	3	0	619	99	0	0	
2021-11-29 17:50:57	225	222	-1	-3	4	0	0	3	0	619	99	0	0	
2021-11-29 17:50:58	225	222	-1	-3	4	0	0	3	0	619	99	0	0	
2021-11-29 17:50:59	225	224	-2	-4	3	-1	0	3	0	619	99	0	0	
2021-11-29 17:51:00	225	224	-2	-3	3	0	0	3	0	619	99	0	0	
2021-11-29 17:51:01	225	222	-1	-3	5	0	0	3	0	619	99	0	0	
2021-11-29 17:51:02	225	221	-3	-3	2	-1	0	3	0	619	99	0	0	
2021-11-29 17:51:03	225	222	-3	-3	5	-1	0	3	0	619	99	0	0	
2021-11-29 17:51:04	225	221	-2	-4	3	0	0	3	0	619	99	0	0	
2021-11-29 17:51:05	225	225	-2	-4	2	0	0	3	0	619	99	0	0	
2021-11-29 17:51:06	224	224	-2	-3	4	-1	0	3	0	619	99	0	0	
2021-11-29 17:51:07	225	224	-3	-3	3	0	0	3	0	619	99	0	0	
2021-11-29 17:51:08	225	223	-3	-3	4	-1	0	3	0	619	99	0	0	
2021-11-29 17:51:09	225	224	-2	-3	2	0	0	3	0	619	99	0	0	
2021-11-29 17:51:10	225	221	-1	-2	5	0	0	3	0	619	99	0	0	
2021-11-29 17:51:11	225	224	-2	-2	1	0	0	3	0	619	99	0	0	
2021-11-29 17:51:12	225	224	-2	-3	3	-1	0	3	0	619	99	0	0	
2021-11-29 17:51:13	224	221	-2	-4	5	-1	0	3	0	619	99	0	0	
2021-11-29 17:51:14	224	224	-2	-3	5	0	0	3	0	619	99	0	0	
2021-11-29 17:51:15	225	222	-2	-4	5	0	0	3	0	619	99	0	0	
2021-11-29 17:51:16	225	222	-2	-3	6	-1	0	3	0	619	99	0	0	
2021-11-29 17:51:17	225	222	-1	-1	3	0	0	3	0	619	99	0	0	
2021-11-29 17:51:18	225	220	-3	-3	2	0	0	3	0	619	99	0	0	
2021-11-29 17:51:19	224	223	-2	-3	2	0	0	3	0	619	99	0	0	
2021-11-29 17:51:20	224	222	-2	-2	6	-1	0	3	0	619	99	0	0	
2021-11-29 17:51:21	225	220	-2	-3	4	0	0	3	0	619	99	0	0	
2021-11-29 17:51:22	225	222	-1	-3	3	0	0	3	0	619	99	0	0	
2021-11-29 17:51:23	225	223	-1	-3	4	0	0	3	0	619	99	0	0	
2021-11-29 17:51:24	224	223	-2	-5	3	0	0	3	0	619	99	0	0	
2021-11-29 17:51:25	225	222	-2	-4	3	0	0	3	0	619	99	0	0	
2021-11-29 17:51:26	225	220	-2	-3	3	-1	0	3	0	619	99	0	0	
2021-11-29 17:51:27	225	221	-1	-3	5	-1	0	3	0	619	99	0	0	
2021-11-29 17:51:28	224	224	-2	-4	1	0	0	3	0	619	99	0	0	
2021-11-29 17:51:29	224	222	-3	-3	2	-1	0	3	0	619	99	0	0	
2021-11-29 17:51:30	225	222	-2	-3	3	-1	0	3	0	619	99	0	0	
2021-11-29 17:51:31	225	224	-2	-3	3	-1	0	3	0	619	99	0	0	
2021-11-29 17:51:32	225	222	-2	-4	4	-1	0	3	0	619	99	0	0	
2021-11-29 17:51:33	224	223	-3	-2	4	-1	0	3	0	619	99	0	0	
2021-11-29 17:51:34	224	224	-2	-3	2	-1	0	3	0	619	99	0	0	
2021-11-29 17:51:35	224	221	-2	-4	3	-1	0	3	0	619	99	0	0	
2021-11-29 17:51:36	224	224	-2	-4	3	-1	0	3	0	619	99	0	0	
2021-11-29 17:51:37	224	224	-2	-3	4	-1	0	3	0	619	99	0	0	
2021-11-29 17:51:38	224	222	-2	-4	4	0	0	3	0	619	99	0	0	
2021-11-29 17:51:39	224	224	-2	-3	3	0	0	3	0	619	99	0	0	
2021-11-29 17:51:40	224	224	-2	-2	3	0	0	3	0	619	99	0	0	
2021-11-29 17:51:41	224	225	-2	-4	2	-1	0	3	0	619	99	0	0	
2021-11-29 17:51:42	224	224	-2	-3	4	-1	0	3	0	619	99	0	0	
2021-11-29 17:51:43	224	222	-2	-4	3	0	0	3	0	619	99	0	0	
2021-11-29 17:51:44	224	224	-2	-4	3	-1	0	3	0	619	99	0	0	
2021-11-29 17:51:45	224	224	-2	-4	1	0	0	3	0	619	99	0	0	
2021-11-29 17:51:46	224	223	-2	-3	2	-1	0	3	15	619	99	0	0	
2021-11-29 17:51:47	224	220	-3	-3	6	0	0	3	15	619	99	0	0	
2021-11-29 17:51:48	224	222	-3	-3	3	-1	0	3	15	619	99	0	0	
2021-11-29 17:51:49	225	222	-2	-3	4	0	0	3	15	619	99	0	0	
2021-11-29 17:51:50	224	222	-3	-5	5	0	0	3	15	619	99	0	0	
2021-11-29 17:51:51	224	225	-3	-2	4	0	0	3	15	619	99	0	0	
2021-11-29 17:51:52	225	222	-2	-1	2	-1	0	3	15	619	99	0	0	
2021-11-29 17:51:53	225	224	-3	-3	5	0	0	3	15	619	99	0	0	
2021-11-29 17:51:54	225	224	-2	-3	5	0	0	3	15	619	99	0	0	
2021-11-29 17:51:55	224	226	-4	-4	4	-1	0	3	15	619	99	0	0	
2021-11-29 17:51:56	224	224	-2	-4	4	-1	0	3	15	619	99	0	0	
2021-11-29 17:51:57	224	225	-2	-3	5	-1	0	3	15	619	99	0	0	
2021-11-29 17:51:58	224	221	-3	-3	4	-1	0	3	15	619	99	0	0	
2021-11-29 17:51:59	225	224	-3	-3	3	0	0	3	15	619	99	0	0	
2021-11-29 17:52:00	224	222	-3	-3	4	-1	0	3	15	619	99	0	0	
2021-11-29 17:52:01	224	220	-3	-4	3	-1	0	3	15	619	99	0	0	
2021-11-29 17:52:02	224	224	-3	-1	4	-1	0	3	15	619	99	0	0	
2021-11-29 17:52:03	224	224	-2	-2	3	-1	0	3	15	619	99	0	0	
2021-11-29 17:52:04	224	222	-1	-3	4	0	0	3	15	619	99	0	0	
2021-11-29 17:52:05	224	224	-2	-4	4	-1	0	3	15	619	99	0	0	
2021-11-29 17:52:06	224	221	-2	-2	2	0	0	3	15	619	99	0	0	
2021-11-29 17:52:07	224	222	-2	-2	1	-1	0	3	15	619	99	0	0	
2021-11-29 17:52:08	224	222	-2	-3	2	-1	0	3	15	619	99	0	0	
2021-11-29 17:52:09	224	222	-1	-3	1	0	0	3	15	619	99	0	0	
2021-11-29 17:52:09	224	223	-2	-3	5	0	0	3	15	619	99	0	0	
2021-11-29 17:52:10	225	222	-3	-5	3	0	0	3	15	619	99	0	0	
2021-11-29 17:52:11	224	223	-2	-5	2	0	0	3	15	619	99	0	0	
