(datetime [])[]{}	(Udc2)[1100]{10}	(Udc1)[1101]{1}	(Idc2_L1)[1102]{1}	(Idc2_L2)[1103]{1}	(Idc2_L3)[1104]{1}	(Idc2)[1105]{1}	(T1)[1106]{1}	(status)[1110]{1}	(protect_word)[1111]{1}	(Idc2_max_charge)[1201]{1}	(Idc2_max_discharge)[1202]{1}	(Edc_charge)[1203]{1}	(Edc_discharge)[1204]{1}
2021-12-12 12:22:06	225	226	-2	-3	2	-1	0	3	15	619	99	0	0	
2021-12-12 12:22:07	225	222	-1	-3	3	0	0	3	15	619	99	0	0	
2021-12-12 12:22:08	225	223	-2	-4	3	-1	0	3	15	619	99	0	0	
2021-12-12 12:22:09	225	223	-3	-3	2	0	0	3	15	619	99	0	0	
2021-12-12 12:22:10	224	224	-1	-4	3	-1	0	3	15	619	99	0	0	
2021-12-12 12:22:11	224	224	-2	-2	5	0	0	3	15	619	99	0	0	
2021-12-12 12:22:12	225	225	-3	-1	3	-1	0	3	15	619	99	0	0	
2021-12-12 12:22:13	225	224	-2	-5	3	0	0	3	0	619	99	0	0	
2021-12-12 12:22:14	225	222	-3	-3	3	0	0	3	0	619	99	0	0	
2021-12-12 12:22:15	225	223	-2	-4	3	0	0	3	0	619	99	0	0	
2021-12-12 12:22:16	225	220	-2	-3	2	0	0	3	0	619	99	0	0	
2021-12-12 12:22:17	225	224	-2	-3	3	0	0	3	0	619	99	0	0	
2021-12-12 12:22:18	225	221	-2	-3	3	-1	0	3	0	619	99	0	0	
2021-12-12 12:22:19	225	222	-2	-3	2	-1	0	3	0	619	99	0	0	
2021-12-12 12:22:20	225	221	-3	-3	3	0	0	3	0	619	99	0	0	
2021-12-12 12:22:21	224	221	-2	-3	3	-1	0	3	0	619	99	0	0	
2021-12-12 12:22:22	225	221	-3	-2	1	0	0	3	0	619	99	0	0	
2021-12-12 12:22:23	225	221	-2	-4	5	-1	0	3	0	619	99	0	0	
2021-12-12 12:22:24	225	223	-2	-3	3	-1	0	3	0	619	99	0	0	
2021-12-12 12:22:25	225	222	-1	-3	3	0	0	3	0	619	99	0	0	
2021-12-12 12:22:26	225	222	-2	-2	4	0	0	3	0	619	99	0	0	
2021-12-12 12:22:27	225	221	-2	-3	4	0	0	3	0	619	99	0	0	
2021-12-12 12:22:28	225	223	-2	-3	2	-1	0	3	0	619	99	0	0	
2021-12-12 12:22:29	225	225	-1	-3	3	-1	0	3	0	619	99	0	0	
2021-12-12 12:22:30	225	221	-2	-4	4	0	0	3	0	619	99	0	0	
2021-12-12 12:22:32	225	223	-2	-2	3	0	0	3	0	619	99	0	0	
2021-12-12 12:22:32	225	222	-1	-3	4	0	0	3	0	619	99	0	0	
2021-12-12 12:22:33	225	222	-1	-3	4	0	0	3	0	619	99	0	0	
2021-12-12 12:22:34	225	224	-2	-4	3	-1	0	3	0	619	99	0	0	
2021-12-12 12:22:35	225	224	-2	-3	3	0	0	3	0	619	99	0	0	
2021-12-12 12:22:36	225	222	-1	-3	5	0	0	3	0	619	99	0	0	
2021-12-12 12:22:37	225	221	-3	-3	2	-1	0	3	0	619	99	0	0	
2021-12-12 12:22:38	225	222	-3	-3	5	-1	0	3	0	619	99	0	0	
2021-12-12 12:22:39	225	221	-2	-4	3	0	0	3	0	619	99	0	0	
2021-12-12 12:22:40	225	225	-2	-4	2	0	0	3	0	619	99	0	0	
2021-12-12 12:22:41	224	224	-2	-3	4	-1	0	3	0	619	99	0	0	
2021-12-12 12:22:42	225	224	-3	-3	3	0	0	3	0	619	99	0	0	
2021-12-12 12:22:43	225	223	-3	-3	4	-1	0	3	0	619	99	0	0	
2021-12-12 12:22:44	225	224	-2	-3	2	0	0	3	0	619	99	0	0	
2021-12-12 12:22:45	225	221	-1	-2	5	0	0	3	0	619	99	0	0	
2021-12-12 12:22:46	225	224	-2	-2	1	0	0	3	0	619	99	0	0	
2021-12-12 12:22:47	225	224	-2	-3	3	-1	0	3	0	619	99	0	0	
2021-12-12 12:22:48	224	221	-2	-4	5	-1	0	3	0	619	99	0	0	
2021-12-12 12:22:49	224	224	-2	-3	5	0	0	3	0	619	99	0	0	
2021-12-12 12:22:50	225	222	-2	-4	5	0	0	3	0	619	99	0	0	
2021-12-12 12:22:51	225	222	-2	-3	6	-1	0	3	0	619	99	0	0	
2021-12-12 12:22:52	225	222	-1	-1	3	0	0	3	0	619	99	0	0	
2021-12-12 12:22:53	225	220	-3	-3	2	0	0	3	0	619	99	0	0	
2021-12-12 12:22:54	224	223	-2	-3	2	0	0	3	0	619	99	0	0	
2021-12-12 12:22:55	224	222	-2	-2	6	-1	0	3	0	619	99	0	0	
2021-12-12 12:22:56	225	220	-2	-3	4	0	0	3	0	619	99	0	0	
2021-12-12 12:22:57	225	222	-1	-3	3	0	0	3	0	619	99	0	0	
2021-12-12 12:22:58	225	223	-1	-3	4	0	0	3	0	619	99	0	0	
2021-12-12 12:22:59	224	223	-2	-5	3	0	0	3	0	619	99	0	0	
2021-12-12 12:23:00	225	222	-2	-4	3	0	0	3	0	619	99	0	0	
2021-12-12 12:23:01	225	220	-2	-3	3	-1	0	3	0	619	99	0	0	
2021-12-12 12:23:02	225	221	-1	-3	5	-1	0	3	0	619	99	0	0	
2021-12-12 12:23:03	224	224	-2	-4	1	0	0	3	0	619	99	0	0	
2021-12-12 12:23:04	224	222	-3	-3	2	-1	0	3	0	619	99	0	0	
2021-12-12 12:23:05	225	222	-2	-3	3	-1	0	3	0	619	99	0	0	
2021-12-12 12:23:06	225	224	-2	-3	3	-1	0	3	0	619	99	0	0	
2021-12-12 12:23:07	225	222	-2	-4	4	-1	0	3	0	619	99	0	0	
2021-12-12 12:23:08	224	223	-3	-2	4	-1	0	3	0	619	99	0	0	
2021-12-12 12:23:09	224	224	-2	-3	2	-1	0	3	0	619	99	0	0	
2021-12-12 12:23:10	224	221	-2	-4	3	-1	0	3	0	619	99	0	0	
2021-12-12 12:23:11	224	224	-2	-4	3	-1	0	3	0	619	99	0	0	
2021-12-12 12:23:12	224	224	-2	-3	4	-1	0	3	0	619	99	0	0	
2021-12-12 12:23:13	224	222	-2	-4	4	0	0	3	0	619	99	0	0	
2021-12-12 12:23:14	224	224	-2	-3	3	0	0	3	0	619	99	0	0	
2021-12-12 12:23:15	224	224	-2	-2	3	0	0	3	0	619	99	0	0	
2021-12-12 12:23:16	224	225	-2	-4	2	-1	0	3	0	619	99	0	0	
2021-12-12 12:23:17	224	224	-2	-3	4	-1	0	3	0	619	99	0	0	
2021-12-12 12:23:18	224	222	-2	-4	3	0	0	3	0	619	99	0	0	
2021-12-12 12:23:19	224	224	-2	-4	3	-1	0	3	0	619	99	0	0	
2021-12-12 12:23:20	224	224	-2	-4	1	0	0	3	0	619	99	0	0	
2021-12-12 12:23:21	224	223	-2	-3	2	-1	0	3	15	619	99	0	0	
2021-12-12 12:23:22	224	220	-3	-3	6	0	0	3	15	619	99	0	0	
2021-12-12 12:23:23	224	222	-3	-3	3	-1	0	3	15	619	99	0	0	
2021-12-12 12:23:24	225	222	-2	-3	4	0	0	3	15	619	99	0	0	
2021-12-12 12:23:25	224	222	-3	-5	5	0	0	3	15	619	99	0	0	
2021-12-12 12:23:26	224	225	-3	-2	4	0	0	3	15	619	99	0	0	
2021-12-12 12:23:27	225	222	-2	-1	2	-1	0	3	15	619	99	0	0	
2021-12-12 12:23:28	225	224	-3	-3	5	0	0	3	15	619	99	0	0	
2021-12-12 12:23:29	225	224	-2	-3	5	0	0	3	15	619	99	0	0	
2021-12-12 12:23:30	224	226	-4	-4	4	-1	0	3	15	619	99	0	0	
2021-12-12 12:23:31	224	224	-2	-4	4	-1	0	3	15	619	99	0	0	
2021-12-12 12:23:32	224	225	-2	-3	5	-1	0	3	15	619	99	0	0	
2021-12-12 12:23:33	224	221	-3	-3	4	-1	0	3	15	619	99	0	0	
2021-12-12 12:23:34	225	224	-3	-3	3	0	0	3	15	619	99	0	0	
2021-12-12 12:23:35	224	222	-3	-3	4	-1	0	3	15	619	99	0	0	
2021-12-12 12:23:36	224	220	-3	-4	3	-1	0	3	15	619	99	0	0	
2021-12-12 12:23:37	224	224	-3	-1	4	-1	0	3	15	619	99	0	0	
2021-12-12 12:23:38	224	224	-2	-2	3	-1	0	3	15	619	99	0	0	
2021-12-12 12:23:39	224	222	-1	-3	4	0	0	3	15	619	99	0	0	
2021-12-12 12:23:40	224	224	-2	-4	4	-1	0	3	15	619	99	0	0	
2021-12-12 12:23:41	224	221	-2	-2	2	0	0	3	15	619	99	0	0	
2021-12-12 12:23:42	224	222	-2	-2	1	-1	0	3	15	619	99	0	0	
2021-12-12 12:23:43	224	222	-2	-3	2	-1	0	3	15	619	99	0	0	
2021-12-12 12:23:44	224	222	-1	-3	1	0	0	3	15	619	99	0	0	
2021-12-12 12:23:45	224	223	-2	-3	5	0	0	3	15	619	99	0	0	
2021-12-12 12:23:46	225	222	-3	-5	3	0	0	3	15	619	99	0	0	
2021-12-12 12:23:47	224	223	-2	-5	2	0	0	3	15	619	99	0	0	
2021-12-12 12:23:48	224	223	-2	-3	3	0	0	3	15	619	99	0	0	
2021-12-12 12:23:49	224	222	-2	-3	5	-1	0	3	15	619	99	0	0	
2021-12-12 12:23:50	224	224	-2	-3	4	0	0	3	15	619	99	0	0	
2021-12-12 12:23:51	225	224	-3	-4	4	-1	0	3	15	619	99	0	0	
2021-12-12 12:23:52	225	223	-2	-3	1	-1	0	3	15	619	99	0	0	
2021-12-12 12:23:53	225	224	-2	-4	1	0	0	3	15	619	99	0	0	
2021-12-12 12:23:54	225	226	-2	-3	0	0	0	3	15	619	99	0	0	
2021-12-12 12:23:55	225	224	-2	-2	3	-1	0	3	15	619	99	0	0	
2021-12-12 12:23:56	224	226	-2	-4	3	-1	0	3	15	619	99	0	0	
2021-12-12 12:23:57	224	223	-2	-3	4	0	0	3	15	619	99	0	0	
2021-12-12 12:23:58	225	222	-2	-3	3	-1	0	3	15	619	99	0	0	
2021-12-12 12:23:59	225	223	-2	-3	3	0	0	3	15	619	99	0	0	
2021-12-12 12:24:00	225	223	-2	-3	4	-1	0	3	15	619	99	0	0	
2021-12-12 12:24:01	225	225	-2	-3	5	0	0	3	15	619	99	0	0	
2021-12-12 12:24:02	225	223	-2	-2	2	0	0	3	15	619	99	0	0	
2021-12-12 12:24:03	225	222	-2	-3	2	-1	0	3	15	619	99	0	0	
2021-12-12 12:24:04	225	224	-2	-2	2	0	0	3	15	619	99	0	0	
2021-12-12 12:24:05	225	222	-3	-4	6	0	0	3	15	619	99	0	0	
2021-12-12 12:24:06	225	223	-2	-1	1	-1	0	3	15	619	99	0	0	
2021-12-12 12:24:07	225	224	-3	-3	3	-1	0	3	15	619	99	0	0	
2021-12-12 12:24:08	225	221	-2	-3	6	-1	0	3	15	619	99	0	0	
2021-12-12 12:24:09	225	222	-2	-2	5	0	0	3	15	619	99	0	0	
2021-12-12 12:24:10	225	224	-2	-4	3	0	0	3	15	619	99	0	0	
2021-12-12 12:24:11	225	223	-2	-3	3	0	0	3	15	619	99	0	0	
2021-12-12 12:24:12	225	223	-2	-3	4	-1	0	3	15	619	99	0	0	
2021-12-12 12:24:13	225	221	-2	-3	3	-1	0	3	15	619	99	0	0	
2021-12-12 12:24:14	225	224	-1	-2	2	0	0	3	15	619	99	0	0	
2021-12-12 12:24:15	225	225	-2	-3	3	-1	0	3	15	619	99	0	0	
2021-12-12 12:24:16	225	222	-2	-3	2	-1	0	3	15	619	99	0	0	
2021-12-12 12:24:17	225	224	-3	-3	4	0	0	3	15	619	99	0	0	
2021-12-12 12:24:18	225	224	-2	-2	3	0	0	3	15	619	99	0	0	
2021-12-12 12:24:19	225	224	-1	-4	6	0	0	3	15	619	99	0	0	
2021-12-12 12:24:20	225	223	-2	-3	3	0	0	3	15	619	99	0	0	
2021-12-12 12:24:21	225	226	-3	-2	4	0	0	3	15	619	99	0	0	
2021-12-12 12:24:22	225	224	-2	-3	3	-1	0	3	15	619	99	0	0	
2021-12-12 12:24:23	225	224	-2	-3	3	0	0	3	15	619	99	0	0	
2021-12-12 12:24:24	225	223	-2	-3	5	-1	0	3	15	619	99	0	0	
2021-12-12 12:24:25	225	223	-4	-3	3	-1	0	3	15	619	99	0	0	
2021-12-12 12:24:26	225	222	-1	-4	5	-1	0	3	15	619	99	0	0	
2021-12-12 12:24:27	225	224	-2	-3	3	0	0	3	15	619	99	0	0	
2021-12-12 12:24:28	225	220	-2	-3	3	0	0	3	15	619	99	0	0	
2021-12-12 12:24:29	225	224	-2	-3	3	-1	0	3	15	619	99	0	0	
2021-12-12 12:24:30	225	224	-2	-3	2	0	0	3	15	619	99	0	0	
2021-12-12 12:24:31	225	223	-2	-2	3	-1	0	3	15	619	99	0	0	
2021-12-12 12:24:32	225	224	-2	-3	2	0	0	3	15	619	99	0	0	
