(datetime [])[]{}	(Voltage L1-N)[]{1}	(Voltage L2-N)[]{1}	(Voltage L3-N)[]	(Apparent current L1-N)[]	(Apparent current L2-N)[]	(Apparent current L3-N)[]	(Psum3)[]
2022-01-22 17:39:00	0	0	0	0	0	0	0
2022-01-22 17:39:01	0	0	0	0	0	0	0
2022-01-22 17:39:02	0	0	0	0	0	0	0
2022-01-22 17:39:03	0	0	0	0	0	0	0
2022-01-22 17:39:04	0	0	0	0	0	0	0
2022-01-22 17:39:05	0	0	0	0	0	0	0
2022-01-22 17:39:06	0	0	0	0	0	0	0
2022-01-22 17:39:07	0	0	0	0	0	0	0
2022-01-22 17:39:08	0	0	0	0	0	0	0
2022-01-22 17:39:09	0	0	0	0	0	0	0
2022-01-22 17:39:10	0	0	0	0	0	0	0
2022-01-22 17:39:11	0	0	0	0	0	0	0
2022-01-22 17:39:12	0	0	0	0	0	0	0
2022-01-22 17:39:13	0	0	0	0	0	0	0
2022-01-22 17:39:14	0	0	0	0	0	0	0
2022-01-22 17:39:15	0	0	0	0	0	0	0
2022-01-22 17:39:16	0	0	0	0	0	0	0
2022-01-22 17:39:17	0	0	0	0	0	0	0
2022-01-22 17:39:18	0	0	0	0	0	0	0
2022-01-22 17:39:19	0	0	0	0	0	0	0
2022-01-22 17:39:20	0	0	0	0	0	0	0
2022-01-22 17:39:21	0	0	0	0	0	0	0
2022-01-22 17:39:22	0	0	0	0	0	0	0
2022-01-22 17:39:23	0	0	0	0	0	0	0
2022-01-22 17:39:24	0	0	0	0	0	0	0
2022-01-22 17:39:25	0	0	0	0	0	0	0
2022-01-22 17:39:26	0	0	0	0	0	0	0
2022-01-22 17:39:27	0	0	0	0	0	0	0
2022-01-22 17:39:28	0	0	0	0	0	0	0
2022-01-22 17:39:29	0	0	0	0	0	0	0
2022-01-22 17:39:30	0	0	0	0	0	0	0
2022-01-22 17:39:31	0	0	0	0	0	0	0
2022-01-22 17:39:32	0	0	0	0	0	0	0
2022-01-22 17:39:33	0	0	0	0	0	0	0
2022-01-22 17:39:34	0	0	0	0	0	0	0
2022-01-22 17:39:35	0	0	0	0	0	0	0
2022-01-22 17:39:36	0	0	0	0	0	0	0
2022-01-22 17:39:37	0	0	0	0	0	0	0
2022-01-22 17:39:38	0	0	0	0	0	0	0
2022-01-22 17:39:39	0	0	0	0	0	0	0
2022-01-22 17:39:40	0	0	0	0	0	0	0
2022-01-22 17:39:41	0	0	0	0	0	0	0
2022-01-22 17:39:42	0	0	0	0	0	0	0
2022-01-22 17:39:43	0	0	0	0	0	0	0
2022-01-22 17:39:44	0	0	0	0	0	0	0
2022-01-22 17:39:45	0	0	0	0	0	0	0
2022-01-22 17:39:46	0	0	0	0	0	0	0
2022-01-22 17:39:47	0	0	0	0	0	0	0
2022-01-22 17:39:48	0	0	0	0	0	0	0
2022-01-22 17:39:49	0	0	0	0	0	0	0
2022-01-22 17:39:50	0	0	0	0	0	0	0
2022-01-22 17:39:53	0	0	0	0	0	0	0
2022-01-22 17:39:54	0	0	0	0	0	0	0
2022-01-22 17:39:55	0	0	0	0	0	0	0
2022-01-22 17:39:56	0	0	0	0	0	0	0
2022-01-22 17:39:57	0	0	0	0	0	0	0
2022-01-22 17:39:58	0	0	0	0	0	0	0
2022-01-22 17:39:59	0	0	0	0	0	0	0
2022-01-22 17:40:00	0	0	0	0	0	0	0
2022-01-22 17:40:01	0	0	0	0	0	0	0
2022-01-22 17:40:02	0	0	0	0	0	0	0
2022-01-22 17:40:03	0	0	0	0	0	0	0
2022-01-22 17:40:04	0	0	0	0	0	0	0
2022-01-22 17:40:05	0	0	0	0	0	0	0
2022-01-22 17:40:06	0	0	0	0	0	0	0
2022-01-22 17:40:07	0	0	0	0	0	0	0
2022-01-22 17:40:08	0	0	0	0	0	0	0
2022-01-22 17:40:09	0	0	0	0	0	0	0
2022-01-22 17:40:10	0	0	0	0	0	0	0
2022-01-22 17:40:11	0	0	0	0	0	0	0
2022-01-22 17:40:12	0	0	0	0	0	0	0
2022-01-22 17:40:13	0	0	0	0	0	0	0
2022-01-22 17:40:14	0	0	0	0	0	0	0
2022-01-22 17:40:15	0	0	0	0	0	0	0
2022-01-22 17:40:16	0	0	0	0	0	0	0
2022-01-22 17:40:17	0	0	0	0	0	0	0
2022-01-22 17:40:18	0	0	0	0	0	0	0
2022-01-22 17:40:19	0	0	0	0	0	0	0
2022-01-22 17:40:20	0	0	0	0	0	0	0
2022-01-22 17:40:21	0	0	0	0	0	0	0
2022-01-22 17:40:22	0	0	0	0	0	0	0
2022-01-22 17:40:23	0	0	0	0	0	0	0
2022-01-22 17:40:24	0	0	0	0	0	0	0
2022-01-22 17:40:25	0	0	0	0	0	0	0
2022-01-22 17:40:26	0	0	0	0	0	0	0
2022-01-22 17:40:27	0	0	0	0	0	0	0
2022-01-22 17:40:35	0	0	0	0	0	0	0
2022-01-22 17:40:36	0	0	0	0	0	0	0
2022-01-22 17:40:37	0	0	0	0	0	0	0
2022-01-22 17:40:38	0	0	0	0	0	0	0
2022-01-22 17:40:39	0	0	0	0	0	0	0
2022-01-22 17:40:40	0	0	0	0	0	0	0
2022-01-22 17:40:41	0	0	0	0	0	0	0
2022-01-22 17:40:42	0	0	0	0	0	0	0
2022-01-22 17:40:43	0	0	0	0	0	0	0
2022-01-22 17:40:44	0	0	0	0	0	0	0
2022-01-22 17:40:45	0	0	0	0	0	0	0
2022-01-22 17:40:46	0	0	0	0	0	0	0
2022-01-22 17:40:47	0	0	0	0	0	0	0
2022-01-22 17:40:48	0	0	0	0	0	0	0
2022-01-22 17:40:49	0	0	0	0	0	0	0
2022-01-22 17:40:50	0	0	0	0	0	0	0
2022-01-22 17:40:51	0	0	0	0	0	0	0
2022-01-22 17:40:52	0	0	0	0	0	0	0
2022-01-22 17:40:53	0	0	0	0	0	0	0
2022-01-22 17:40:54	0	0	0	0	0	0	0
2022-01-22 17:40:55	0	0	0	0	0	0	0
2022-01-22 17:40:56	0	0	0	0	0	0	0
2022-01-22 17:40:57	0	0	0	0	0	0	0
2022-01-22 17:40:58	0	0	0	0	0	0	0
2022-01-22 17:40:59	0	0	0	0	0	0	0
2022-01-22 17:41:00	0	0	0	0	0	0	0
2022-01-22 17:41:01	0	0	0	0	0	0	0
2022-01-22 17:41:02	0	0	0	0	0	0	0
2022-01-22 17:41:03	0	0	0	0	0	0	0
2022-01-22 17:41:04	0	0	0	0	0	0	0
2022-01-22 17:41:05	0	0	0	0	0	0	0
2022-01-22 17:41:06	0	0	0	0	0	0	0
2022-01-22 17:41:07	0	0	0	0	0	0	0
2022-01-22 17:41:08	0	0	0	0	0	0	0
2022-01-22 17:41:09	0	0	0	0	0	0	0
2022-01-22 17:41:10	0	0	0	0	0	0	0
2022-01-22 17:41:11	0	0	0	0	0	0	0
2022-01-22 17:41:12	0	0	0	0	0	0	0
2022-01-22 17:41:13	0	0	0	0	0	0	0
2022-01-22 17:41:14	0	0	0	0	0	0	0
2022-01-22 17:41:15	0	0	0	0	0	0	0
2022-01-22 17:41:16	0	0	0	0	0	0	0
2022-01-22 17:41:17	0	0	0	0	0	0	0
2022-01-22 17:41:18	0	0	0	0	0	0	0
2022-01-22 17:41:20	0	0	0	0	0	0	0
2022-01-22 17:41:21	0	0	0	0	0	0	0
2022-01-22 17:41:22	0	0	0	0	0	0	0
2022-01-22 17:41:23	0	0	0	0	0	0	0
2022-01-22 17:41:24	0	0	0	0	0	0	0
2022-01-22 17:41:25	0	0	0	0	0	0	0
2022-01-22 17:41:26	0	0	0	0	0	0	0
2022-01-22 17:41:27	0	0	0	0	0	0	0
2022-01-22 17:41:28	0	0	0	0	0	0	0
2022-01-22 17:41:29	0	0	0	0	0	0	0
2022-01-22 17:41:30	0	0	0	0	0	0	0
2022-01-22 17:41:31	0	0	0	0	0	0	0
2022-01-22 17:41:32	0	0	0	0	0	0	0
2022-01-22 17:41:33	0	0	0	0	0	0	0
2022-01-22 17:41:34	0	0	0	0	0	0	0
2022-01-22 17:41:35	0	0	0	0	0	0	0
2022-01-22 17:41:36	0	0	0	0	0	0	0
2022-01-22 17:41:37	0	0	0	0	0	0	0
2022-01-22 17:41:38	0	0	0	0	0	0	0
2022-01-22 17:41:39	0	0	0	0	0	0	0
2022-01-22 17:41:40	0	0	0	0	0	0	0
2022-01-22 17:41:41	0	0	0	0	0	0	0
2022-01-22 17:41:42	0	0	0	0	0	0	0
2022-01-22 17:41:43	0	0	0	0	0	0	0
2022-01-22 17:41:44	0	0	0	0	0	0	0
2022-01-22 17:41:45	0	0	0	0	0	0	0
2022-01-22 17:41:46	0	0	0	0	0	0	0
2022-01-22 17:41:47	0	0	0	0	0	0	0
2022-01-22 17:41:48	0	0	0	0	0	0	0
2022-01-22 17:41:49	0	0	0	0	0	0	0
2022-01-22 17:41:50	0	0	0	0	0	0	0
2022-01-22 17:41:51	0	0	0	0	0	0	0
2022-01-22 17:41:52	0	0	0	0	0	0	0
2022-01-22 17:41:53	0	0	0	0	0	0	0
2022-01-22 17:41:54	0	0	0	0	0	0	0
2022-01-22 17:41:55	0	0	0	0	0	0	0
2022-01-22 17:41:56	0	0	0	0	0	0	0
2022-01-22 17:41:57	0	0	0	0	0	0	0
2022-01-22 17:41:58	0	0	0	0	0	0	0
2022-01-22 17:41:59	0	0	0	0	0	0	0
2022-01-22 17:42:00	0	0	0	0	0	0	0
2022-01-22 17:42:01	0	0	0	0	0	0	0
2022-01-22 17:42:02	0	0	0	0	0	0	0
2022-01-22 17:42:03	0	0	0	0	0	0	0
2022-01-22 17:42:04	0	0	0	0	0	0	0
2022-01-22 17:42:05	0	0	0	0	0	0	0
2022-01-22 17:42:06	0	0	0	0	0	0	0
2022-01-22 17:42:07	0	0	0	0	0	0	0
2022-01-22 17:42:08	0	0	0	0	0	0	0
2022-01-22 17:42:16	0	0	0	0	0	0	0
2022-01-22 17:42:17	0	0	0	0	0	0	0
2022-01-22 17:42:18	0	0	0	0	0	0	0
2022-01-22 17:42:19	0	0	0	0	0	0	0
2022-01-22 17:42:20	0	0	0	0	0	0	0
2022-01-22 17:42:21	0	0	0	0	0	0	0
2022-01-22 17:42:22	0	0	0	0	0	0	0
2022-01-22 17:42:23	0	0	0	0	0	0	0
2022-01-22 17:42:24	0	0	0	0	0	0	0
2022-01-22 17:42:25	0	0	0	0	0	0	0
2022-01-22 17:42:26	0	0	0	0	0	0	0
2022-01-22 17:42:27	0	0	0	0	0	0	0
2022-01-22 17:42:28	0	0	0	0	0	0	0
2022-01-22 17:42:29	0	0	0	0	0	0	0
2022-01-22 17:42:30	0	0	0	0	0	0	0
2022-01-22 17:42:31	0	0	0	0	0	0	0
2022-01-22 17:42:32	0	0	0	0	0	0	0
2022-01-22 17:42:33	0	0	0	0	0	0	0
2022-01-22 17:42:34	0	0	0	0	0	0	0
2022-01-22 17:42:35	0	0	0	0	0	0	0
2022-01-22 17:42:36	0	0	0	0	0	0	0
2022-01-22 17:42:37	0	0	0	0	0	0	0
2022-01-22 17:42:38	0	0	0	0	0	0	0
2022-01-22 17:42:39	0	0	0	0	0	0	0
2022-01-22 17:42:40	0	0	0	0	0	0	0
2022-01-22 17:42:41	0	0	0	0	0	0	0
2022-01-22 17:42:42	0	0	0	0	0	0	0
2022-01-22 17:42:43	0	0	0	0	0	0	0
2022-01-22 17:42:44	0	0	0	0	0	0	0
2022-01-22 17:42:45	0	0	0	0	0	0	0
2022-01-22 17:42:46	0	0	0	0	0	0	0
2022-01-22 17:42:47	0	0	0	0	0	0	0
2022-01-22 17:42:48	0	0	0	0	0	0	0
2022-01-22 17:42:49	0	0	0	0	0	0	0
2022-01-22 17:42:50	0	0	0	0	0	0	0
2022-01-22 17:42:51	0	0	0	0	0	0	0
2022-01-22 17:42:52	0	0	0	0	0	0	0
2022-01-22 17:42:53	0	0	0	0	0	0	0
2022-01-22 17:42:54	0	0	0	0	0	0	0
2022-01-22 17:42:55	0	0	0	0	0	0	0
2022-01-22 17:42:56	0	0	0	0	0	0	0
2022-01-22 17:42:57	0	0	0	0	0	0	0
2022-01-22 17:42:58	0	0	0	0	0	0	0
2022-01-22 17:42:59	0	0	0	0	0	0	0
2022-01-22 17:43:00	0	0	0	0	0	0	0
2022-01-22 17:43:01	0	0	0	0	0	0	0
2022-01-22 17:43:02	0	0	0	0	0	0	0
2022-01-22 17:43:03	0	0	0	0	0	0	0
2022-01-22 17:43:04	0	0	0	0	0	0	0
2022-01-22 17:43:05	0	0	0	0	0	0	0
2022-01-22 17:43:06	0	0	0	0	0	0	0
2022-01-22 17:43:07	0	0	0	0	0	0	0
2022-01-22 17:43:08	0	0	0	0	0	0	0
2022-01-22 17:43:09	0	0	0	0	0	0	0
2022-01-22 17:43:10	0	0	0	0	0	0	0
2022-01-22 17:43:11	0	0	0	0	0	0	0
2022-01-22 17:43:12	0	0	0	0	0	0	0
2022-01-22 17:43:13	0	0	0	0	0	0	0
2022-01-22 17:43:14	0	0	0	0	0	0	0
2022-01-22 17:43:15	0	0	0	0	0	0	0
2022-01-22 17:43:16	0	0	0	0	0	0	0
2022-01-22 17:43:17	0	0	0	0	0	0	0
2022-01-22 17:43:18	0	0	0	0	0	0	0
2022-01-22 17:43:19	0	0	0	0	0	0	0
2022-01-22 17:43:20	0	0	0	0	0	0	0
2022-01-22 17:43:21	0	0	0	0	0	0	0
2022-01-22 17:43:22	0	0	0	0	0	0	0
2022-01-22 17:43:23	0	0	0	0	0	0	0
2022-01-22 17:43:24	0	0	0	0	0	0	0
2022-01-22 17:43:25	0	0	0	0	0	0	0
2022-01-22 17:43:26	0	0	0	0	0	0	0
2022-01-22 17:43:27	0	0	0	0	0	0	0
2022-01-22 17:43:28	0	0	0	0	0	0	0
2022-01-22 17:43:29	0	0	0	0	0	0	0
2022-01-22 17:43:30	0	0	0	0	0	0	0
2022-01-22 17:43:31	0	0	0	0	0	0	0
2022-01-22 17:43:32	0	0	0	0	0	0	0
2022-01-22 17:43:33	0	0	0	0	0	0	0
2022-01-22 17:43:34	0	0	0	0	0	0	0
2022-01-22 17:43:35	0	0	0	0	0	0	0
2022-01-22 17:43:36	0	0	0	0	0	0	0
2022-01-22 17:43:37	0	0	0	0	0	0	0
2022-01-22 17:43:38	0	0	0	0	0	0	0
2022-01-22 17:43:39	0	0	0	0	0	0	0
2022-01-22 17:43:40	0	0	0	0	0	0	0
2022-01-22 17:43:41	0	0	0	0	0	0	0
2022-01-22 17:43:42	0	0	0	0	0	0	0
2022-01-22 17:43:43	0	0	0	0	0	0	0
2022-01-22 17:43:44	0	0	0	0	0	0	0
2022-01-22 17:43:45	0	0	0	0	0	0	0
2022-01-22 17:43:46	0	0	0	0	0	0	0
2022-01-22 17:43:47	0	0	0	0	0	0	0
2022-01-22 17:43:48	0	0	0	0	0	0	0
2022-01-22 17:43:49	0	0	0	0	0	0	0
2022-01-22 17:43:57	0	0	0	0	0	0	0
2022-01-22 17:43:58	0	0	0	0	0	0	0
2022-01-22 17:43:59	0	0	0	0	0	0	0
2022-01-22 17:44:00	0	0	0	0	0	0	0
2022-01-22 17:44:01	0	0	0	0	0	0	0
2022-01-22 17:44:02	0	0	0	0	0	0	0
2022-01-22 17:44:03	0	0	0	0	0	0	0
2022-01-22 17:44:04	0	0	0	0	0	0	0
2022-01-22 17:44:05	0	0	0	0	0	0	0
2022-01-22 17:44:06	0	0	0	0	0	0	0
2022-01-22 17:44:07	0	0	0	0	0	0	0
2022-01-22 17:44:08	0	0	0	0	0	0	0
2022-01-22 17:44:10	0	0	0	0	0	0	0
2022-01-22 17:44:11	0	0	0	0	0	0	0
2022-01-22 17:44:12	0	0	0	0	0	0	0
2022-01-22 17:44:13	0	0	0	0	0	0	0
2022-01-22 17:44:14	0	0	0	0	0	0	0
2022-01-22 17:44:15	0	0	0	0	0	0	0
2022-01-22 17:44:16	0	0	0	0	0	0	0
2022-01-22 17:44:17	0	0	0	0	0	0	0
2022-01-22 17:44:18	0	0	0	0	0	0	0
2022-01-22 17:44:19	0	0	0	0	0	0	0
2022-01-22 17:44:20	0	0	0	0	0	0	0
2022-01-22 17:44:21	0	0	0	0	0	0	0
2022-01-22 17:44:22	0	0	0	0	0	0	0
2022-01-22 17:44:24	0	0	0	0	0	0	0
2022-01-22 17:44:25	0	0	0	0	0	0	0
2022-01-22 17:44:26	0	0	0	0	0	0	0
2022-01-22 17:44:27	0	0	0	0	0	0	0
2022-01-22 17:44:28	0	0	0	0	0	0	0
2022-01-22 17:44:29	0	0	0	0	0	0	0
2022-01-22 17:44:30	0	0	0	0	0	0	0
2022-01-22 17:44:31	0	0	0	0	0	0	0
2022-01-22 17:44:32	0	0	0	0	0	0	0
2022-01-22 17:44:33	0	0	0	0	0	0	0
2022-01-22 17:44:34	0	0	0	0	0	0	0
2022-01-22 17:44:35	0	0	0	0	0	0	0
2022-01-22 17:44:36	0	0	0	0	0	0	0
2022-01-22 17:44:37	0	0	0	0	0	0	0
2022-01-22 17:44:38	0	0	0	0	0	0	0
2022-01-22 17:44:39	0	0	0	0	0	0	0
2022-01-22 17:44:40	0	0	0	0	0	0	0
2022-01-22 17:44:41	0	0	0	0	0	0	0
2022-01-22 17:44:42	0	0	0	0	0	0	0
2022-01-22 17:44:43	0	0	0	0	0	0	0
2022-01-22 17:44:44	0	0	0	0	0	0	0
2022-01-22 17:44:45	0	0	0	0	0	0	0
2022-01-22 17:44:46	0	0	0	0	0	0	0
2022-01-22 17:44:47	0	0	0	0	0	0	0
2022-01-22 17:44:48	0	0	0	0	0	0	0
2022-01-22 17:44:49	0	0	0	0	0	0	0
2022-01-22 17:44:50	0	0	0	0	0	0	0
2022-01-22 17:44:51	0	0	0	0	0	0	0
2022-01-22 17:44:52	0	0	0	0	0	0	0
2022-01-22 17:44:53	0	0	0	0	0	0	0
2022-01-22 17:44:54	0	0	0	0	0	0	0
2022-01-22 17:44:57	0	0	0	0	0	0	0
2022-01-22 17:44:58	0	0	0	0	0	0	0
2022-01-22 17:44:59	0	0	0	0	0	0	0
2022-01-22 17:45:00	0	0	0	0	0	0	0
2022-01-22 17:45:01	0	0	0	0	0	0	0
2022-01-22 17:45:02	0	0	0	0	0	0	0
2022-01-22 17:45:03	0	0	0	0	0	0	0
2022-01-22 17:45:04	0	0	0	0	0	0	0
2022-01-22 17:45:05	0	0	0	0	0	0	0
2022-01-22 17:45:06	0	0	0	0	0	0	0
2022-01-22 17:45:07	0	0	0	0	0	0	0
2022-01-22 17:45:08	0	0	0	0	0	0	0
2022-01-22 17:45:09	0	0	0	0	0	0	0
2022-01-22 17:45:10	0	0	0	0	0	0	0
2022-01-22 17:45:12	0	0	0	0	0	0	0
2022-01-22 17:45:14	0	0	0	0	0	0	0
2022-01-22 17:45:15	0	0	0	0	0	0	0
2022-01-22 17:45:16	0	0	0	0	0	0	0
2022-01-22 17:45:17	0	0	0	0	0	0	0
2022-01-22 17:45:18	0	0	0	0	0	0	0
2022-01-22 17:45:19	0	0	0	0	0	0	0
2022-01-22 17:45:20	0	0	0	0	0	0	0
2022-01-22 17:45:21	0	0	0	0	0	0	0
2022-01-22 17:45:22	0	0	0	0	0	0	0
2022-01-22 17:45:23	0	0	0	0	0	0	0
2022-01-22 17:45:24	0	0	0	0	0	0	0
2022-01-22 17:45:25	0	0	0	0	0	0	0
2022-01-22 17:45:26	0	0	0	0	0	0	0
2022-01-22 17:45:27	0	0	0	0	0	0	0
2022-01-22 17:45:28	0	0	0	0	0	0	0
2022-01-22 17:45:29	0	0	0	0	0	0	0
2022-01-22 17:45:30	0	0	0	0	0	0	0
2022-01-22 17:45:31	0	0	0	0	0	0	0
2022-01-22 17:45:32	0	0	0	0	0	0	0
2022-01-22 17:45:33	0	0	0	0	0	0	0
2022-01-22 17:45:34	0	0	0	0	0	0	0
2022-01-22 17:45:35	0	0	0	0	0	0	0
2022-01-22 17:45:36	0	0	0	0	0	0	0
2022-01-22 17:45:37	0	0	0	0	0	0	0
2022-01-22 17:45:38	0	0	0	0	0	0	0
2022-01-22 17:45:39	0	0	0	0	0	0	0
2022-01-22 17:45:40	0	0	0	0	0	0	0
2022-01-22 17:45:41	0	0	0	0	0	0	0
2022-01-22 17:45:42	0	0	0	0	0	0	0
2022-01-22 17:45:43	0	0	0	0	0	0	0
2022-01-22 17:45:44	0	0	0	0	0	0	0
2022-01-22 17:45:46	0	0	0	0	0	0	0
2022-01-22 17:45:47	0	0	0	0	0	0	0
2022-01-22 17:45:48	0	0	0	0	0	0	0
2022-01-22 17:45:49	0	0	0	0	0	0	0
2022-01-22 17:45:50	0	0	0	0	0	0	0
2022-01-22 17:45:51	0	0	0	0	0	0	0
2022-01-22 17:45:52	0	0	0	0	0	0	0
2022-01-22 17:45:53	0	0	0	0	0	0	0
2022-01-22 17:45:54	0	0	0	0	0	0	0
2022-01-22 17:45:55	0	0	0	0	0	0	0
2022-01-22 17:45:56	0	0	0	0	0	0	0
2022-01-22 17:45:57	0	0	0	0	0	0	0
2022-01-22 17:45:58	0	0	0	0	0	0	0
2022-01-22 17:45:59	0	0	0	0	0	0	0
2022-01-22 17:46:01	0	0	0	0	0	0	0
2022-01-22 17:46:02	0	0	0	0	0	0	0
2022-01-22 17:46:03	0	0	0	0	0	0	0
2022-01-22 17:46:04	0	0	0	0	0	0	0
2022-01-22 17:46:05	0	0	0	0	0	0	0
2022-01-22 17:46:06	0	0	0	0	0	0	0
2022-01-22 17:46:07	0	0	0	0	0	0	0
2022-01-22 17:46:08	0	0	0	0	0	0	0
2022-01-22 17:46:09	0	0	0	0	0	0	0
2022-01-22 17:46:10	0	0	0	0	0	0	0
2022-01-22 17:46:11	0	0	0	0	0	0	0
2022-01-22 17:46:12	0	0	0	0	0	0	0
2022-01-22 17:46:13	0	0	0	0	0	0	0
2022-01-22 17:46:14	0	0	0	0	0	0	0
2022-01-22 17:46:15	0	0	0	0	0	0	0
2022-01-22 17:46:16	0	0	0	0	0	0	0
2022-01-22 17:46:17	0	0	0	0	0	0	0
2022-01-22 17:46:18	0	0	0	0	0	0	0
2022-01-22 17:46:19	0	0	0	0	0	0	0
2022-01-22 17:46:20	0	0	0	0	0	0	0
2022-01-22 17:46:21	0	0	0	0	0	0	0
2022-01-22 17:46:22	0	0	0	0	0	0	0
2022-01-22 17:46:23	0	0	0	0	0	0	0
2022-01-22 17:46:24	0	0	0	0	0	0	0
2022-01-22 17:46:25	0	0	0	0	0	0	0
2022-01-22 17:46:26	0	0	0	0	0	0	0
2022-01-22 17:46:27	0	0	0	0	0	0	0
2022-01-22 17:46:28	0	0	0	0	0	0	0
2022-01-22 17:46:29	0	0	0	0	0	0	0
2022-01-22 17:46:30	0	0	0	0	0	0	0
2022-01-22 17:46:31	0	0	0	0	0	0	0
2022-01-22 17:46:32	0	0	0	0	0	0	0
2022-01-22 17:46:33	0	0	0	0	0	0	0
2022-01-22 17:46:34	0	0	0	0	0	0	0
2022-01-22 17:46:35	0	0	0	0	0	0	0
2022-01-22 17:46:36	0	0	0	0	0	0	0
2022-01-22 17:46:37	0	0	0	0	0	0	0
2022-01-22 17:46:38	0	0	0	0	0	0	0
2022-01-22 17:46:39	0	0	0	0	0	0	0
2022-01-22 17:46:40	0	0	0	0	0	0	0
2022-01-22 17:46:41	0	0	0	0	0	0	0
2022-01-22 17:46:42	0	0	0	0	0	0	0
2022-01-22 17:46:43	0	0	0	0	0	0	0
2022-01-22 17:46:44	0	0	0	0	0	0	0
2022-01-22 17:46:45	0	0	0	0	0	0	0
2022-01-22 17:46:46	0	0	0	0	0	0	0
2022-01-22 17:46:47	0	0	0	0	0	0	0
2022-01-22 17:46:48	0	0	0	0	0	0	0
2022-01-22 17:46:49	0	0	0	0	0	0	0
2022-01-22 17:46:50	0	0	0	0	0	0	0
2022-01-22 17:46:51	0	0	0	0	0	0	0
2022-01-22 17:46:52	0	0	0	0	0	0	0
2022-01-22 17:46:53	0	0	0	0	0	0	0
2022-01-22 17:46:54	0	0	0	0	0	0	0
2022-01-22 17:46:55	0	0	0	0	0	0	0
2022-01-22 17:46:56	0	0	0	0	0	0	0
2022-01-22 17:46:57	0	0	0	0	0	0	0
2022-01-22 17:46:58	0	0	0	0	0	0	0
2022-01-22 17:46:59	0	0	0	0	0	0	0
2022-01-22 17:47:00	0	0	0	0	0	0	0
2022-01-22 17:47:01	0	0	0	0	0	0	0
2022-01-22 17:47:02	0	0	0	0	0	0	0
2022-01-22 17:47:03	0	0	0	0	0	0	0
2022-01-22 17:47:04	0	0	0	0	0	0	0
2022-01-22 17:47:05	0	0	0	0	0	0	0
2022-01-22 17:47:06	0	0	0	0	0	0	0
2022-01-22 17:47:07	0	0	0	0	0	0	0
2022-01-22 17:47:08	0	0	0	0	0	0	0
2022-01-22 17:47:09	0	0	0	0	0	0	0
2022-01-22 17:47:10	0	0	0	0	0	0	0
2022-01-22 17:47:11	0	0	0	0	0	0	0
2022-01-22 17:47:12	0	0	0	0	0	0	0
2022-01-22 17:47:13	0	0	0	0	0	0	0
2022-01-22 17:47:14	0	0	0	0	0	0	0
2022-01-22 17:47:15	0	0	0	0	0	0	0
2022-01-22 17:47:16	0	0	0	0	0	0	0
2022-01-22 17:47:17	0	0	0	0	0	0	0
2022-01-22 17:47:18	0	0	0	0	0	0	0
2022-01-22 17:47:19	0	0	0	0	0	0	0
2022-01-22 17:47:20	0	0	0	0	0	0	0
2022-01-22 17:47:21	0	0	0	0	0	0	0
2022-01-22 17:47:22	0	0	0	0	0	0	0
2022-01-22 17:47:23	0	0	0	0	0	0	0
2022-01-22 17:47:24	0	0	0	0	0	0	0
2022-01-22 17:47:25	0	0	0	0	0	0	0
2022-01-22 17:47:26	0	0	0	0	0	0	0
2022-01-22 17:47:27	0	0	0	0	0	0	0
2022-01-22 17:47:28	0	0	0	0	0	0	0
2022-01-22 17:47:29	0	0	0	0	0	0	0
2022-01-22 17:47:30	0	0	0	0	0	0	0
2022-01-22 17:47:31	0	0	0	0	0	0	0
2022-01-22 17:47:32	0	0	0	0	0	0	0
2022-01-22 17:47:33	0	0	0	0	0	0	0
2022-01-22 17:47:34	0	0	0	0	0	0	0
2022-01-22 17:47:35	0	0	0	0	0	0	0
2022-01-22 17:47:36	0	0	0	0	0	0	0
2022-01-22 17:47:37	0	0	0	0	0	0	0
2022-01-22 17:47:38	0	0	0	0	0	0	0
2022-01-22 17:47:39	0	0	0	0	0	0	0
2022-01-22 17:47:40	0	0	0	0	0	0	0
2022-01-22 17:47:42	0	0	0	0	0	0	0
2022-01-22 17:47:43	0	0	0	0	0	0	0
2022-01-22 17:47:44	0	0	0	0	0	0	0
2022-01-22 17:47:45	0	0	0	0	0	0	0
2022-01-22 17:47:46	0	0	0	0	0	0	0
2022-01-22 17:47:47	0	0	0	0	0	0	0
2022-01-22 17:47:48	0	0	0	0	0	0	0
2022-01-22 17:47:49	0	0	0	0	0	0	0
2022-01-22 17:47:50	0	0	0	0	0	0	0
2022-01-22 17:47:51	0	0	0	0	0	0	0
2022-01-22 17:47:52	0	0	0	0	0	0	0
2022-01-22 17:47:53	0	0	0	0	0	0	0
2022-01-22 17:47:54	0	0	0	0	0	0	0
2022-01-22 17:47:55	0	0	0	0	0	0	0
2022-01-22 17:47:56	0	0	0	0	0	0	0
2022-01-22 17:47:58	0	0	0	0	0	0	0
2022-01-22 17:47:59	0	0	0	0	0	0	0
2022-01-22 17:48:00	0	0	0	0	0	0	0
2022-01-22 17:48:01	0	0	0	0	0	0	0
2022-01-22 17:48:02	0	0	0	0	0	0	0
2022-01-22 17:48:03	0	0	0	0	0	0	0
2022-01-22 17:48:04	0	0	0	0	0	0	0
2022-01-22 17:48:05	0	0	0	0	0	0	0
2022-01-22 17:48:06	0	0	0	0	0	0	0
2022-01-22 17:48:07	0	0	0	0	0	0	0
2022-01-22 17:48:08	0	0	0	0	0	0	0
2022-01-22 17:48:09	0	0	0	0	0	0	0
2022-01-22 17:48:10	0	0	0	0	0	0	0
2022-01-22 17:48:11	0	0	0	0	0	0	0
2022-01-22 17:48:12	0	0	0	0	0	0	0
2022-01-22 17:48:13	0	0	0	0	0	0	0
2022-01-22 17:48:14	0	0	0	0	0	0	0
2022-01-22 17:48:15	0	0	0	0	0	0	0
2022-01-22 17:48:16	0	0	0	0	0	0	0
2022-01-22 17:48:17	0	0	0	0	0	0	0
2022-01-22 17:48:18	0	0	0	0	0	0	0
2022-01-22 17:48:19	0	0	0	0	0	0	0
2022-01-22 17:48:20	0	0	0	0	0	0	0
2022-01-22 17:48:21	0	0	0	0	0	0	0
2022-01-22 17:48:22	0	0	0	0	0	0	0
2022-01-22 17:48:23	0	0	0	0	0	0	0
2022-01-22 17:48:24	0	0	0	0	0	0	0
2022-01-22 17:48:25	0	0	0	0	0	0	0
2022-01-22 17:48:26	0	0	0	0	0	0	0
2022-01-22 17:48:27	0	0	0	0	0	0	0
2022-01-22 17:48:28	0	0	0	0	0	0	0
2022-01-22 17:48:29	0	0	0	0	0	0	0
2022-01-22 17:48:30	0	0	0	0	0	0	0
2022-01-22 17:48:31	0	0	0	0	0	0	0
2022-01-22 17:48:32	0	0	0	0	0	0	0
2022-01-22 17:48:33	0	0	0	0	0	0	0
2022-01-22 17:48:34	0	0	0	0	0	0	0
2022-01-22 17:48:35	0	0	0	0	0	0	0
2022-01-22 17:48:36	0	0	0	0	0	0	0
2022-01-22 17:48:37	0	0	0	0	0	0	0
2022-01-22 17:48:38	0	0	0	0	0	0	0
2022-01-22 17:48:39	0	0	0	0	0	0	0
2022-01-22 17:48:40	0	0	0	0	0	0	0
2022-01-22 17:48:41	0	0	0	0	0	0	0
2022-01-22 17:48:42	0	0	0	0	0	0	0
2022-01-22 17:48:43	0	0	0	0	0	0	0
2022-01-22 17:48:44	0	0	0	0	0	0	0
2022-01-22 17:48:45	0	0	0	0	0	0	0
2022-01-22 17:48:46	0	0	0	0	0	0	0
2022-01-22 17:48:47	0	0	0	0	0	0	0
2022-01-22 17:48:48	0	0	0	0	0	0	0
2022-01-22 17:48:49	0	0	0	0	0	0	0
2022-01-22 17:48:50	0	0	0	0	0	0	0
2022-01-22 17:48:51	0	0	0	0	0	0	0
2022-01-22 17:48:52	0	0	0	0	0	0	0
2022-01-22 17:48:53	0	0	0	0	0	0	0
2022-01-22 17:48:54	0	0	0	0	0	0	0
2022-01-22 17:48:55	0	0	0	0	0	0	0
2022-01-22 17:48:56	0	0	0	0	0	0	0
2022-01-22 17:48:57	0	0	0	0	0	0	0
2022-01-22 17:48:58	0	0	0	0	0	0	0
2022-01-22 17:48:59	0	0	0	0	0	0	0
2022-01-22 17:49:00	0	0	0	0	0	0	0
2022-01-22 17:49:01	0	0	0	0	0	0	0
2022-01-22 17:49:02	0	0	0	0	0	0	0
2022-01-22 17:49:03	0	0	0	0	0	0	0
2022-01-22 17:49:04	0	0	0	0	0	0	0
2022-01-22 17:49:05	0	0	0	0	0	0	0
2022-01-22 17:49:06	0	0	0	0	0	0	0
2022-01-22 17:49:07	0	0	0	0	0	0	0
2022-01-22 17:49:08	0	0	0	0	0	0	0
2022-01-22 17:49:09	0	0	0	0	0	0	0
2022-01-22 17:49:10	0	0	0	0	0	0	0
2022-01-22 17:49:11	0	0	0	0	0	0	0
2022-01-22 17:49:12	0	0	0	0	0	0	0
2022-01-22 17:49:13	0	0	0	0	0	0	0
2022-01-22 17:49:14	0	0	0	0	0	0	0
2022-01-22 17:49:15	0	0	0	0	0	0	0
2022-01-22 17:49:16	0	0	0	0	0	0	0
2022-01-22 17:49:17	0	0	0	0	0	0	0
2022-01-22 17:49:18	0	0	0	0	0	0	0
2022-01-22 17:49:19	0	0	0	0	0	0	0
2022-01-22 17:49:20	0	0	0	0	0	0	0
2022-01-22 17:49:21	0	0	0	0	0	0	0
2022-01-22 17:49:22	0	0	0	0	0	0	0
2022-01-22 17:49:23	0	0	0	0	0	0	0
2022-01-22 17:49:24	0	0	0	0	0	0	0
2022-01-22 17:49:25	0	0	0	0	0	0	0
2022-01-22 17:49:26	0	0	0	0	0	0	0
2022-01-22 17:49:27	0	0	0	0	0	0	0
2022-01-22 17:49:28	0	0	0	0	0	0	0
2022-01-22 17:49:29	0	0	0	0	0	0	0
2022-01-22 17:49:30	0	0	0	0	0	0	0
2022-01-22 17:49:31	0	0	0	0	0	0	0
2022-01-22 17:49:32	0	0	0	0	0	0	0
2022-01-22 17:49:33	0	0	0	0	0	0	0
2022-01-22 17:49:34	0	0	0	0	0	0	0
2022-01-22 17:49:35	0	0	0	0	0	0	0
2022-01-22 17:49:36	0	0	0	0	0	0	0
2022-01-22 17:49:37	0	0	0	0	0	0	0
2022-01-22 17:49:38	0	0	0	0	0	0	0
2022-01-22 17:49:39	0	0	0	0	0	0	0
2022-01-22 17:49:40	0	0	0	0	0	0	0
2022-01-22 17:49:41	0	0	0	0	0	0	0
2022-01-22 17:49:42	0	0	0	0	0	0	0
2022-01-22 17:49:50	0	0	0	0	0	0	0
2022-01-22 17:49:51	0	0	0	0	0	0	0
2022-01-22 17:49:52	0	0	0	0	0	0	0
2022-01-22 17:49:53	0	0	0	0	0	0	0
2022-01-22 17:49:54	0	0	0	0	0	0	0
2022-01-22 17:49:55	0	0	0	0	0	0	0
2022-01-22 17:49:56	0	0	0	0	0	0	0
2022-01-22 17:49:57	0	0	0	0	0	0	0
2022-01-22 17:49:58	0	0	0	0	0	0	0
2022-01-22 17:49:59	0	0	0	0	0	0	0
2022-01-22 17:50:00	0	0	0	0	0	0	0
2022-01-22 17:50:01	0	0	0	0	0	0	0
2022-01-22 17:50:02	0	0	0	0	0	0	0
2022-01-22 17:50:03	0	0	0	0	0	0	0
2022-01-22 17:50:04	0	0	0	0	0	0	0
2022-01-22 17:50:05	0	0	0	0	0	0	0
2022-01-22 17:50:06	0	0	0	0	0	0	0
2022-01-22 17:50:07	0	0	0	0	0	0	0
2022-01-22 17:50:08	0	0	0	0	0	0	0
2022-01-22 17:50:09	0	0	0	0	0	0	0
2022-01-22 17:50:10	0	0	0	0	0	0	0
2022-01-22 17:50:11	0	0	0	0	0	0	0
2022-01-22 17:50:12	0	0	0	0	0	0	0
2022-01-22 17:50:13	0	0	0	0	0	0	0
2022-01-22 17:50:14	0	0	0	0	0	0	0
2022-01-22 17:50:15	0	0	0	0	0	0	0
2022-01-22 17:50:16	0	0	0	0	0	0	0
2022-01-22 17:50:17	0	0	0	0	0	0	0
2022-01-22 17:50:18	0	0	0	0	0	0	0
2022-01-22 17:50:19	0	0	0	0	0	0	0
2022-01-22 17:50:20	0	0	0	0	0	0	0
2022-01-22 17:50:21	0	0	0	0	0	0	0
2022-01-22 17:50:22	0	0	0	0	0	0	0
2022-01-22 17:50:23	0	0	0	0	0	0	0
2022-01-22 17:50:24	0	0	0	0	0	0	0
2022-01-22 17:50:25	0	0	0	0	0	0	0
2022-01-22 17:50:26	0	0	0	0	0	0	0
2022-01-22 17:50:27	0	0	0	0	0	0	0
2022-01-22 17:50:28	0	0	0	0	0	0	0
2022-01-22 17:50:29	0	0	0	0	0	0	0
2022-01-22 17:50:30	0	0	0	0	0	0	0
2022-01-22 17:50:32	0	0	0	0	0	0	0
2022-01-22 17:50:33	0	0	0	0	0	0	0
2022-01-22 17:50:34	0	0	0	0	0	0	0
2022-01-22 17:50:35	0	0	0	0	0	0	0
2022-01-22 17:50:36	0	0	0	0	0	0	0
2022-01-22 17:50:37	0	0	0	0	0	0	0
2022-01-22 17:50:38	0	0	0	0	0	0	0
2022-01-22 17:50:39	0	0	0	0	0	0	0
2022-01-22 17:50:40	0	0	0	0	0	0	0
2022-01-22 17:50:41	0	0	0	0	0	0	0
2022-01-22 17:50:42	0	0	0	0	0	0	0
2022-01-22 17:50:43	0	0	0	0	0	0	0
2022-01-22 17:50:44	0	0	0	0	0	0	0
2022-01-22 17:50:45	0	0	0	0	0	0	0
2022-01-22 17:50:46	0	0	0	0	0	0	0
2022-01-22 17:50:47	0	0	0	0	0	0	0
2022-01-22 17:50:48	0	0	0	0	0	0	0
2022-01-22 17:50:50	0	0	0	0	0	0	0
2022-01-22 17:50:51	0	0	0	0	0	0	0
2022-01-22 17:50:52	0	0	0	0	0	0	0
2022-01-22 17:50:53	0	0	0	0	0	0	0
2022-01-22 17:50:54	0	0	0	0	0	0	0
2022-01-22 17:50:55	0	0	0	0	0	0	0
2022-01-22 17:50:56	0	0	0	0	0	0	0
2022-01-22 17:50:57	0	0	0	0	0	0	0
2022-01-22 17:50:58	0	0	0	0	0	0	0
2022-01-22 17:50:59	0	0	0	0	0	0	0
2022-01-22 17:51:00	0	0	0	0	0	0	0
2022-01-22 17:51:01	0	0	0	0	0	0	0
2022-01-22 17:51:02	0	0	0	0	0	0	0
2022-01-22 17:51:03	0	0	0	0	0	0	0
2022-01-22 17:51:04	0	0	0	0	0	0	0
2022-01-22 17:51:06	0	0	0	0	0	0	0
2022-01-22 17:51:07	0	0	0	0	0	0	0
2022-01-22 17:51:08	0	0	0	0	0	0	0
2022-01-22 17:51:09	0	0	0	0	0	0	0
2022-01-22 17:51:10	0	0	0	0	0	0	0
2022-01-22 17:51:11	0	0	0	0	0	0	0
2022-01-22 17:51:12	0	0	0	0	0	0	0
2022-01-22 17:51:13	0	0	0	0	0	0	0
2022-01-22 17:51:14	0	0	0	0	0	0	0
2022-01-22 17:51:15	0	0	0	0	0	0	0
2022-01-22 17:51:16	0	0	0	0	0	0	0
2022-01-22 17:51:17	0	0	0	0	0	0	0
2022-01-22 17:51:18	0	0	0	0	0	0	0
2022-01-22 17:51:19	0	0	0	0	0	0	0
2022-01-22 17:51:20	0	0	0	0	0	0	0
2022-01-22 17:51:28	0	0	0	0	0	0	0
2022-01-22 17:51:29	0	0	0	0	0	0	0
2022-01-22 17:51:30	0	0	0	0	0	0	0
2022-01-22 17:51:31	0	0	0	0	0	0	0
2022-01-22 17:51:32	0	0	0	0	0	0	0
2022-01-22 17:51:33	0	0	0	0	0	0	0
2022-01-22 17:51:34	0	0	0	0	0	0	0
2022-01-22 17:51:35	0	0	0	0	0	0	0
2022-01-22 17:51:36	0	0	0	0	0	0	0
2022-01-22 17:51:37	0	0	0	0	0	0	0
2022-01-22 17:51:38	0	0	0	0	0	0	0
2022-01-22 17:51:39	0	0	0	0	0	0	0
2022-01-22 17:51:40	0	0	0	0	0	0	0
2022-01-22 17:51:41	0	0	0	0	0	0	0
2022-01-22 17:51:42	0	0	0	0	0	0	0
2022-01-22 17:51:43	0	0	0	0	0	0	0
2022-01-22 17:51:44	0	0	0	0	0	0	0
2022-01-22 17:51:45	0	0	0	0	0	0	0
2022-01-22 17:51:46	0	0	0	0	0	0	0
2022-01-22 17:51:47	0	0	0	0	0	0	0
2022-01-22 17:51:48	0	0	0	0	0	0	0
2022-01-22 17:51:49	0	0	0	0	0	0	0
2022-01-22 17:51:50	0	0	0	0	0	0	0
2022-01-22 17:51:51	0	0	0	0	0	0	0
2022-01-22 17:51:52	0	0	0	0	0	0	0
2022-01-22 17:51:53	0	0	0	0	0	0	0
2022-01-22 17:51:54	0	0	0	0	0	0	0
2022-01-22 17:51:55	0	0	0	0	0	0	0
2022-01-22 17:51:56	0	0	0	0	0	0	0
2022-01-22 17:51:57	0	0	0	0	0	0	0
2022-01-22 17:51:58	0	0	0	0	0	0	0
2022-01-22 17:51:59	0	0	0	0	0	0	0
2022-01-22 17:52:00	0	0	0	0	0	0	0
2022-01-22 17:52:01	0	0	0	0	0	0	0
2022-01-22 17:52:02	0	0	0	0	0	0	0
2022-01-22 17:52:03	0	0	0	0	0	0	0
2022-01-22 17:52:04	0	0	0	0	0	0	0
2022-01-22 17:52:05	0	0	0	0	0	0	0
2022-01-22 17:52:06	0	0	0	0	0	0	0
2022-01-22 17:52:07	0	0	0	0	0	0	0
2022-01-22 17:52:08	0	0	0	0	0	0	0
2022-01-22 17:52:09	0	0	0	0	0	0	0
2022-01-22 17:52:10	0	0	0	0	0	0	0
2022-01-22 17:52:13	0	0	0	0	0	0	0
2022-01-22 17:52:14	0	0	0	0	0	0	0
2022-01-22 17:52:15	0	0	0	0	0	0	0
2022-01-22 17:52:16	0	0	0	0	0	0	0
2022-01-22 17:52:17	0	0	0	0	0	0	0
2022-01-22 17:52:18	0	0	0	0	0	0	0
2022-01-22 17:52:19	0	0	0	0	0	0	0
2022-01-22 17:52:20	0	0	0	0	0	0	0
2022-01-22 17:52:21	0	0	0	0	0	0	0
2022-01-22 17:52:22	0	0	0	0	0	0	0
2022-01-22 17:52:23	0	0	0	0	0	0	0
2022-01-22 17:52:24	0	0	0	0	0	0	0
2022-01-22 17:52:25	0	0	0	0	0	0	0
2022-01-22 17:52:26	0	0	0	0	0	0	0
2022-01-22 17:52:27	0	0	0	0	0	0	0
2022-01-22 17:52:28	0	0	0	0	0	0	0
2022-01-22 17:52:29	0	0	0	0	0	0	0
2022-01-22 17:52:30	0	0	0	0	0	0	0
2022-01-22 17:52:31	0	0	0	0	0	0	0
2022-01-22 17:52:32	0	0	0	0	0	0	0
2022-01-22 17:52:33	0	0	0	0	0	0	0
2022-01-22 17:52:34	0	0	0	0	0	0	0
2022-01-22 17:52:35	0	0	0	0	0	0	0
2022-01-22 17:52:36	0	0	0	0	0	0	0
2022-01-22 17:52:37	0	0	0	0	0	0	0
2022-01-22 17:52:38	0	0	0	0	0	0	0
2022-01-22 17:52:39	0	0	0	0	0	0	0
2022-01-22 17:52:40	0	0	0	0	0	0	0
2022-01-22 17:52:41	0	0	0	0	0	0	0
2022-01-22 17:52:42	0	0	0	0	0	0	0
2022-01-22 17:52:43	0	0	0	0	0	0	0
2022-01-22 17:52:44	0	0	0	0	0	0	0
2022-01-22 17:52:45	0	0	0	0	0	0	0
2022-01-22 17:52:46	0	0	0	0	0	0	0
2022-01-22 17:52:47	0	0	0	0	0	0	0
2022-01-22 17:52:48	0	0	0	0	0	0	0
2022-01-22 17:52:49	0	0	0	0	0	0	0
2022-01-22 17:52:50	0	0	0	0	0	0	0
2022-01-22 17:52:51	0	0	0	0	0	0	0
2022-01-22 17:52:52	0	0	0	0	0	0	0
2022-01-22 17:52:53	0	0	0	0	0	0	0
2022-01-22 17:52:54	0	0	0	0	0	0	0
2022-01-22 17:52:55	0	0	0	0	0	0	0
2022-01-22 17:52:56	0	0	0	0	0	0	0
2022-01-22 17:52:57	0	0	0	0	0	0	0
2022-01-22 17:52:58	0	0	0	0	0	0	0
2022-01-22 17:52:59	0	0	0	0	0	0	0
2022-01-22 17:53:01	0	0	0	0	0	0	0
2022-01-22 17:53:02	0	0	0	0	0	0	0
2022-01-22 17:53:03	0	0	0	0	0	0	0
2022-01-22 17:53:04	0	0	0	0	0	0	0
2022-01-22 17:53:05	0	0	0	0	0	0	0
2022-01-22 17:53:06	0	0	0	0	0	0	0
2022-01-22 17:53:07	0	0	0	0	0	0	0
2022-01-22 17:53:08	0	0	0	0	0	0	0
2022-01-22 17:53:09	0	0	0	0	0	0	0
2022-01-22 17:53:10	0	0	0	0	0	0	0
2022-01-22 17:53:11	0	0	0	0	0	0	0
2022-01-22 17:53:12	0	0	0	0	0	0	0
2022-01-22 17:53:13	0	0	0	0	0	0	0
2022-01-22 17:53:14	0	0	0	0	0	0	0
2022-01-22 17:53:15	0	0	0	0	0	0	0
2022-01-22 17:53:16	0	0	0	0	0	0	0
2022-01-22 17:53:17	0	0	0	0	0	0	0
2022-01-22 17:53:18	0	0	0	0	0	0	0
2022-01-22 17:53:19	0	0	0	0	0	0	0
2022-01-22 17:53:20	0	0	0	0	0	0	0
2022-01-22 17:53:21	0	0	0	0	0	0	0
2022-01-22 17:53:22	0	0	0	0	0	0	0
2022-01-22 17:53:23	0	0	0	0	0	0	0
2022-01-22 17:53:24	0	0	0	0	0	0	0
2022-01-22 17:53:25	0	0	0	0	0	0	0
2022-01-22 17:53:26	0	0	0	0	0	0	0
2022-01-22 17:53:27	0	0	0	0	0	0	0
2022-01-22 17:53:28	0	0	0	0	0	0	0
2022-01-22 17:53:29	0	0	0	0	0	0	0
2022-01-22 17:53:30	0	0	0	0	0	0	0
2022-01-22 17:53:31	0	0	0	0	0	0	0
2022-01-22 17:53:32	0	0	0	0	0	0	0
2022-01-22 17:53:33	0	0	0	0	0	0	0
2022-01-22 17:53:34	0	0	0	0	0	0	0
2022-01-22 17:53:35	0	0	0	0	0	0	0
2022-01-22 17:53:36	0	0	0	0	0	0	0
2022-01-22 17:53:37	0	0	0	0	0	0	0
2022-01-22 17:53:38	0	0	0	0	0	0	0
2022-01-22 17:53:39	0	0	0	0	0	0	0
2022-01-22 17:53:40	0	0	0	0	0	0	0
2022-01-22 17:53:41	0	0	0	0	0	0	0
2022-01-22 17:53:42	0	0	0	0	0	0	0
2022-01-22 17:53:43	0	0	0	0	0	0	0
2022-01-22 17:53:44	0	0	0	0	0	0	0
2022-01-22 17:53:45	0	0	0	0	0	0	0
2022-01-22 17:53:46	0	0	0	0	0	0	0
2022-01-22 17:53:47	0	0	0	0	0	0	0
2022-01-22 17:53:48	0	0	0	0	0	0	0
2022-01-22 17:53:49	0	0	0	0	0	0	0
2022-01-22 17:53:50	0	0	0	0	0	0	0
2022-01-22 17:53:51	0	0	0	0	0	0	0
2022-01-22 17:53:52	0	0	0	0	0	0	0
2022-01-22 17:53:53	0	0	0	0	0	0	0
2022-01-22 17:53:54	0	0	0	0	0	0	0
2022-01-22 17:53:55	0	0	0	0	0	0	0
2022-01-22 17:53:56	0	0	0	0	0	0	0
2022-01-22 17:53:57	0	0	0	0	0	0	0
2022-01-22 17:53:58	0	0	0	0	0	0	0
2022-01-22 17:53:59	0	0	0	0	0	0	0
2022-01-22 17:54:00	0	0	0	0	0	0	0
2022-01-22 17:54:01	0	0	0	0	0	0	0
2022-01-22 17:54:02	0	0	0	0	0	0	0
2022-01-22 17:54:03	0	0	0	0	0	0	0
2022-01-22 17:54:04	0	0	0	0	0	0	0
2022-01-22 17:54:05	0	0	0	0	0	0	0
2022-01-22 17:54:06	0	0	0	0	0	0	0
2022-01-22 17:54:07	0	0	0	0	0	0	0
2022-01-22 17:54:08	0	0	0	0	0	0	0
2022-01-22 17:54:09	0	0	0	0	0	0	0
2022-01-22 17:54:10	0	0	0	0	0	0	0
2022-01-22 17:54:11	0	0	0	0	0	0	0
2022-01-22 17:54:12	0	0	0	0	0	0	0
2022-01-22 17:54:13	0	0	0	0	0	0	0
2022-01-22 17:54:14	0	0	0	0	0	0	0
2022-01-22 17:54:15	0	0	0	0	0	0	0
2022-01-22 17:54:16	0	0	0	0	0	0	0
2022-01-22 17:54:17	0	0	0	0	0	0	0
2022-01-22 17:54:18	0	0	0	0	0	0	0
2022-01-22 17:54:19	0	0	0	0	0	0	0
2022-01-22 17:54:20	0	0	0	0	0	0	0
2022-01-22 17:54:21	0	0	0	0	0	0	0
2022-01-22 17:54:22	0	0	0	0	0	0	0
2022-01-22 17:54:23	0	0	0	0	0	0	0
2022-01-22 17:54:24	0	0	0	0	0	0	0
2022-01-22 17:54:25	0	0	0	0	0	0	0
2022-01-22 17:54:26	0	0	0	0	0	0	0
2022-01-22 17:54:27	0	0	0	0	0	0	0
2022-01-22 17:54:28	0	0	0	0	0	0	0
2022-01-22 17:54:29	0	0	0	0	0	0	0
2022-01-22 17:54:30	0	0	0	0	0	0	0
2022-01-22 17:54:31	0	0	0	0	0	0	0
2022-01-22 17:54:32	0	0	0	0	0	0	0
2022-01-22 17:54:33	0	0	0	0	0	0	0
2022-01-22 17:54:34	0	0	0	0	0	0	0
2022-01-22 17:54:35	0	0	0	0	0	0	0
2022-01-22 17:54:36	0	0	0	0	0	0	0
2022-01-22 17:54:37	0	0	0	0	0	0	0
2022-01-22 17:54:38	0	0	0	0	0	0	0
2022-01-22 17:54:39	0	0	0	0	0	0	0
2022-01-22 17:54:40	0	0	0	0	0	0	0
2022-01-22 17:54:41	0	0	0	0	0	0	0
2022-01-22 17:54:42	0	0	0	0	0	0	0
2022-01-22 17:54:44	0	0	0	0	0	0	0
2022-01-22 17:54:45	0	0	0	0	0	0	0
2022-01-22 17:54:46	0	0	0	0	0	0	0
2022-01-22 17:54:47	0	0	0	0	0	0	0
2022-01-22 17:54:48	0	0	0	0	0	0	0
2022-01-22 17:54:49	0	0	0	0	0	0	0
2022-01-22 17:54:50	0	0	0	0	0	0	0
2022-01-22 17:54:51	0	0	0	0	0	0	0
2022-01-22 17:54:52	0	0	0	0	0	0	0
2022-01-22 17:54:53	0	0	0	0	0	0	0
2022-01-22 17:54:54	0	0	0	0	0	0	0
2022-01-22 17:54:55	0	0	0	0	0	0	0
2022-01-22 17:54:56	0	0	0	0	0	0	0
2022-01-22 17:54:57	0	0	0	0	0	0	0
2022-01-22 17:54:58	0	0	0	0	0	0	0
2022-01-22 17:54:59	0	0	0	0	0	0	0
2022-01-22 17:55:00	0	0	0	0	0	0	0
2022-01-22 17:55:01	0	0	0	0	0	0	0
2022-01-22 17:55:02	0	0	0	0	0	0	0
2022-01-22 17:55:03	0	0	0	0	0	0	0
2022-01-22 17:55:04	0	0	0	0	0	0	0
2022-01-22 17:55:05	0	0	0	0	0	0	0
2022-01-22 17:55:06	0	0	0	0	0	0	0
2022-01-22 17:55:07	0	0	0	0	0	0	0
2022-01-22 17:55:08	0	0	0	0	0	0	0
2022-01-22 17:55:09	0	0	0	0	0	0	0
2022-01-22 17:55:10	0	0	0	0	0	0	0
2022-01-22 17:55:11	0	0	0	0	0	0	0
2022-01-22 17:55:12	0	0	0	0	0	0	0
2022-01-22 17:55:13	0	0	0	0	0	0	0
2022-01-22 17:55:14	0	0	0	0	0	0	0
2022-01-22 17:55:15	0	0	0	0	0	0	0
2022-01-22 17:55:16	0	0	0	0	0	0	0
2022-01-22 17:55:17	0	0	0	0	0	0	0
2022-01-22 17:55:18	0	0	0	0	0	0	0
2022-01-22 17:55:19	0	0	0	0	0	0	0
2022-01-22 17:55:20	0	0	0	0	0	0	0
2022-01-22 17:55:21	0	0	0	0	0	0	0
2022-01-22 17:55:22	0	0	0	0	0	0	0
2022-01-22 17:55:23	0	0	0	0	0	0	0
2022-01-22 17:55:24	0	0	0	0	0	0	0
2022-01-22 17:55:25	0	0	0	0	0	0	0
2022-01-22 17:55:26	0	0	0	0	0	0	0
2022-01-22 17:55:27	0	0	0	0	0	0	0
2022-01-22 17:55:28	0	0	0	0	0	0	0
2022-01-22 17:55:29	0	0	0	0	0	0	0
2022-01-22 17:55:30	0	0	0	0	0	0	0
2022-01-22 17:55:31	0	0	0	0	0	0	0
2022-01-22 17:55:32	0	0	0	0	0	0	0
2022-01-22 17:55:33	0	0	0	0	0	0	0
2022-01-22 17:55:34	0	0	0	0	0	0	0
2022-01-22 17:55:35	0	0	0	0	0	0	0
2022-01-22 17:55:36	0	0	0	0	0	0	0
2022-01-22 17:55:37	0	0	0	0	0	0	0
2022-01-22 17:55:38	0	0	0	0	0	0	0
2022-01-22 17:55:39	0	0	0	0	0	0	0
2022-01-22 17:55:40	0	0	0	0	0	0	0
2022-01-22 17:55:41	0	0	0	0	0	0	0
2022-01-22 17:55:42	0	0	0	0	0	0	0
2022-01-22 17:55:43	0	0	0	0	0	0	0
2022-01-22 17:55:44	0	0	0	0	0	0	0
2022-01-22 17:55:45	0	0	0	0	0	0	0
2022-01-22 17:55:46	0	0	0	0	0	0	0
2022-01-22 17:55:47	0	0	0	0	0	0	0
2022-01-22 17:55:48	0	0	0	0	0	0	0
2022-01-22 17:55:49	0	0	0	0	0	0	0
2022-01-22 17:55:50	0	0	0	0	0	0	0
2022-01-22 17:55:51	0	0	0	0	0	0	0
2022-01-22 17:55:52	0	0	0	0	0	0	0
2022-01-22 17:55:53	0	0	0	0	0	0	0
2022-01-22 17:55:54	0	0	0	0	0	0	0
2022-01-22 17:55:55	0	0	0	0	0	0	0
2022-01-22 17:55:56	0	0	0	0	0	0	0
2022-01-22 17:55:57	0	0	0	0	0	0	0
2022-01-22 17:55:58	0	0	0	0	0	0	0
2022-01-22 17:55:59	0	0	0	0	0	0	0
2022-01-22 17:56:00	0	0	0	0	0	0	0
2022-01-22 17:56:01	0	0	0	0	0	0	0
2022-01-22 17:56:02	0	0	0	0	0	0	0
2022-01-22 17:56:03	0	0	0	0	0	0	0
2022-01-22 17:56:04	0	0	0	0	0	0	0
2022-01-22 17:56:05	0	0	0	0	0	0	0
2022-01-22 17:56:06	0	0	0	0	0	0	0
2022-01-22 17:56:07	0	0	0	0	0	0	0
2022-01-22 17:56:08	0	0	0	0	0	0	0
2022-01-22 17:56:09	0	0	0	0	0	0	0
2022-01-22 17:56:10	0	0	0	0	0	0	0
2022-01-22 17:56:11	0	0	0	0	0	0	0
2022-01-22 17:56:12	0	0	0	0	0	0	0
2022-01-22 17:56:13	0	0	0	0	0	0	0
2022-01-22 17:56:14	0	0	0	0	0	0	0
2022-01-22 17:56:15	0	0	0	0	0	0	0
2022-01-22 17:56:16	0	0	0	0	0	0	0
2022-01-22 17:56:17	0	0	0	0	0	0	0
2022-01-22 17:56:18	0	0	0	0	0	0	0
2022-01-22 17:56:19	0	0	0	0	0	0	0
2022-01-22 17:56:20	0	0	0	0	0	0	0
2022-01-22 17:56:21	0	0	0	0	0	0	0
2022-01-22 17:56:22	0	0	0	0	0	0	0
2022-01-22 17:56:23	0	0	0	0	0	0	0
2022-01-22 17:56:24	0	0	0	0	0	0	0
2022-01-22 17:56:25	0	0	0	0	0	0	0
2022-01-22 17:56:26	0	0	0	0	0	0	0
2022-01-22 17:56:27	0	0	0	0	0	0	0
2022-01-22 17:56:28	0	0	0	0	0	0	0
2022-01-22 17:56:29	0	0	0	0	0	0	0
2022-01-22 17:56:30	0	0	0	0	0	0	0
2022-01-22 17:56:31	0	0	0	0	0	0	0
2022-01-22 17:56:32	0	0	0	0	0	0	0
2022-01-22 17:56:33	0	0	0	0	0	0	0
2022-01-22 17:56:34	0	0	0	0	0	0	0
